-1.566 0.8918221735127347
-3.413 0.0538558019894951
-0.983 0.5420325293535612
1.096 0.8266335458505588
0.001 -1.667335092155931
-2.885 -0.571052610455741
-2.803 -0.8391120046787235
0.719 -0.30098923789940485
0.253 -0.0720681192680996
0.001 -0.3111864763158643
0.501 0.4515033930079513
-2.874 -0.10393443684812953
-4.061 0.1882280342881636
1.499 0.3292652815886048
1.731 0.31692878421364173
-0.806 0.1350476757274417
0.602 0.7451795482809865
-3.828 -1.2215491527210216
-0.251 -0.9113870727297992
1.792 -0.8730965362909922
-3.294 -0.8093605202086243
-1.705 -0.3585503958190923
-1.3 2.2611268194382435
-0.809 0.0670050923139964
-0.145 0.46835929971261464
-3.301 -0.7048532964512313
1.221 -0.03962321567999149
-0.298 1.8556780068607115
-2.373 -0.7422126358631929
-3.709 -1.3026769181778572
-0.001 0.2776724629192154
-0.122 -0.4349094844419521
-0.57 0.9346179548637755
-1.513 0.17884115707485834
-2.663 -1.5814174986367755
-2.427 0.7316673864407373
-4.739 2.1909078276512353
-1.953 0.29601214948298404
-2.875 0.3088862679952476
-1.093 -0.20434142698380786
-3.468 -1.1142478931336544
-2.67 -1.3448401318289565
-3.896 -1.7937239787635313
-3.839 -1.8711695505948605
-2.152 0.21932704657045438
-2.756 0.6109849653398806
-3.939 1.8115206812730518
0.162 0.607567957779448
-1.489 -0.992399221324445
-1.164 -2.0199422322394534
1.897 -0.6166209989129752
-0.045 -0.1996664392047774
3.807 -1.7389939024096823
0.016 -0.11467791152120368
0.702 0.8311069761906977
-2.5 -0.16644001692307558
-1.877 -0.15520378116179254
-3.841 -1.7695625581651655
-1.494 1.2139729627534213
-4.04 0.5917626556624951
-3.42 -0.5796682073327691
-2.049 0.1399289613364661
-5.116 -1.7436012836032164
-1.341 0.3615179811621747
-3.524 -0.9052456756889954
-1.887 -1.4716537994080214
-2.155 -0.9405978993905685
-0.196 -0.7080340799009125
-3.879 -1.3007942678043871
-2.551 -0.7680811309992654
-2.669 -1.2190945700322176
0.079 0.02738083298889315
1.589 1.3284675881254349
1.673 2.1985487383734807
-1.16 0.41660473320795344
-3.365 -1.7919616116160149
3.933 1.0275305463587399
-2.542 1.0455336478257375
-0.774 1.9439699995580486
-0.792 -0.4489492098036915
-1.782 -1.5887860964637097
1.778 -0.9438668315765901
1.29 0.4334994336965978
1.983 2.3878776033354456
-3.387 -1.1856610070137534
-1.837 2.0261578182983926
-2.651 -0.16880548699804193
-0.474 2.1788523768373707
-2.675 -0.3840957813835175
1.032 0.17273176603663593
0.442 2.0346039132701126
-0.558 0.5602621362931
3.362 0.5693167084387393
-2.52 -0.8396564035056804
-2.323 -1.7583415818797505
-3.097 0.36285579832930814
4.953 -1.050839797349513
-2.949 -1.0548105894280684
-3.648 -1.1610530649128517
-1.957 -1.1243515568987252
4.391 0.070016117213013
-2.098 -0.7257337984421206
-2.646 -1.4245868954042218
-1.161 -0.8756215760025771
0.964 1.0808418641004822
-2.211 -0.5550854499473962
-4.311 -1.912713212028086
-3.711 -1.0318876560627155
-0.884 -0.6177225610234539
-2.092 -1.6879254399589536
-1.918 -0.9118978068711086
-2.209 0.5565125849985064
-1.813 -1.5903024412197355
-0.252 -0.9957056393185812
1.471 1.0907354702668732
1.178 1.310713266024556
-2.252 -1.3709347179689142
-0.132 0.3429096579612701
-2.215 -1.7979110872272484
-0.81 -0.9196430161418777
-0.722 -0.8674031871314176
4.659 2.022895486401207
3.841 2.0509300519154743
3.801 -0.9434592563055638
7.574 0.8775506722766484
6.134 -0.07601537113527929
1.01 1.3043166321001813
3.251 1.016243770495417
-1.823 -0.15421963761123803
6.535 1.1145241687053937
2.163 0.46274927825913637
0.952 1.9311798532897952
4.684 0.18618260599409564
-1.266 0.0488649812989224
7.468 1.601761234416374
0.719 0.17531365140549698
3.51 1.3028569309631866
0.274 0.05487620727694246
3.225 0.08265284920345156
0.752 -0.9438991540254152
4.13 1.7548259332094247
0.815 -0.21147108937934955
3.425 -0.25016229105977417
2.144 -0.8892144291407368
2.621 0.8529277246188481
-1.918 0.15227237928369497
2.523 0.8647762333454734
6.368 1.4176694440661548
5.845 0.7057648384669936
-0.431 -1.2264721039144906
0.185 0.01790771806077318
4.521 1.0297441997893915
4.445 -0.5479976798696273
5.613 2.7030832516441845
5.126 0.5937270594516688
1.603 2.1519185725681185
3.904 0.19190788228016345
1.197 0.8115841012087216
2.766 0.40477641714647977
5.746 0.04141850789653781
5.019 2.0315690272190596
6.696 0.6990346779577832
-0.11 -0.18522223007288888
7.573 0.717591262730898
1.369 -1.2919471395336335
0.418 2.410929359291535
6.072 1.1659794231745875
2.323 0.819710745224862
-0.274 1.958144234815667
4.3 0.0685544535189154
-3.05 -0.8414669205036149
0.44 -0.45843187344661185
-0.055 -1.737379747857656
2.105 2.6257681549369742
-2.185 1.631118330011527
-0.794 -0.012341620437400759
-2.174 0.017874847971293184
-0.49 1.3930028904448986
-1.562 0.029257126670386505
1.015 -0.39448306678406175
-0.182 0.3136300069430996
0.837 1.74353516899453
-1.543 -0.8025930880210024
-3.054 -0.6270705584815521
1.674 -0.5974940405541487
0.735 -0.04970475006613136
-3.391 -0.5388719457446689
4.86 2.5874597803578223
5.03 -0.022130747309458174
3.271 0.35110822538986675
-2.977 0.21601424461774063
-2.151 -0.010026936197347534
-3.171 -0.6398237257589018
0.683 1.0348161536854465
5.322 1.680210379495033
-1.336 -0.8540058511136672
0.492 0.37118519506043507
-3.959 1.323569555087989
0.565 1.1872445728503345
-0.837 -0.3662306608042242
-0.194 -0.21983379687524188
1.174 -0.38382420343196744
-2.567 0.8812602672802217
5.582 2.0525704100945004
3.089 0.3345245979328282
1.544 -1.2856416175809282
1.143 -0.4168015756391612
-0.752 0.3640860979224703
2.999 0.09006509033179494
4.669 0.9808453948645124
5.8 1.1697653358675466
-1.233 -0.44820508392366754
2.547 0.5121650751577286
-2.765 -0.9646574668883723
-0.814 -1.7209409034411602
-0.073 0.17244663426226334
3.477 -1.1723293331043136
-1.633 -1.5000142118825752
-2.84 0.17513852990664075
-3.206 -1.8432773673252312
3.871 -0.9293591065297196
-4.458 -1.3043318185623602
1.396 2.0309377620002773
-1.609 1.9573499493083266
-0.878 -0.39619521514154904
1.492 -1.5774508240352025
-0.473 0.7210840621125617
0.179 -2.12866710240116
-0.488 -0.8498704127007972
1.775 -0.18500807581609285
-1.525 -1.1889927610753752
-2.269 -0.25931906522167236
2.84 0.6565320452875588
-2.537 -1.2419384446905457
-1.133 -1.8398028062567628
-2.548 -0.6055069140703633
-0.465 -0.251663144094141
-2.312 -1.513946775243315
-2.663 -1.7034572782858215
-0.799 -0.688372916024738
-0.822 -0.5099920909272252
2.402 -0.6975628887651761
-1.723 -1.4417005475873392
0.266 -0.252450900933671
-1.547 -1.3450827963468404
-0.723 1.0370390146389405
0.348 -0.536322343486346
-2.034 -0.8828390178623754
1.18 -0.8253042355520919
5.833 -1.2130385240826091
-2.411 -1.3988740689345132
-2.313 -0.4377664964917496
0.221 0.20372267188802196
2.894 -0.17629820627904388
1.144 0.9831770220082869
-1.524 -1.3668655768156375
