-0.5234989289780846
-1.876570354128284
1.6615763129273284
-0.9081559302130218
-0.03477908845483373
6.959952138737448
-0.6843394123198522
-3.735091464343136
-1.7031630315329762
-0.33929823540553705
-9.986110122137255
0.6392124148038468
2.466578543075989
-8.843500162747695
-4.516710175456463
5.568001587078945
8.737127174926941
-1.207905565531112
-11.994958356476467
-0.44914215145166103
-1.2271067800742068
1.0501377327118733
10.016230204798235
1.9488551609223135
-6.097401910318416
3.0692457070844146
-7.2615243758221855
-4.008190745211444
-5.60702673447279
3.6283160693534557
0.955693141328014
-5.210144242367615
8.93308582088935
8.910318839487065
-12.132465299010475
8.089503806088212
1.9548091921344943
-5.998476223404131
-5.857315519474953
11.253230557759974
-1.491615088938677
9.14842876030471
4.487867896241733
-1.3908895862303845
8.689490236317111
3.7431887073252845
-2.552921376781262
2.064485884831791
-0.6030671511567632
10.07694663554183
8.341597927813288
4.678931360368564
1.365996798638614
5.579900576020257
-4.723032142703978
9.362150679490393
-7.9385335363075935
3.818230248102558
-6.018414238506657
0.46216875885570396
4.421206776490319
0.8339648496718195
-5.7426828141534
6.90979080765424
