-1.9543708705021725
-5.949610278398033
4.105812361092471
-1.2480839862303936
1.503530180192633
17.5150679329319
-4.0080887172044015
-11.542781709034971
-3.21122866852272
0.9996234255342326
-23.73763692133183
2.534461416921133
6.289449376883292
-28.550186483373942
-15.703369840134085
3.913349185215697
16.220114735506055
35.95982286284588
26.156991638570183
-2.716152551834489
-34.43339451544878
-2.107456330643735
-2.9514616560792812
2.1437513684644944
47.62501686777816
25.231195013382404
3.6823755365443986
-12.724555100168661
8.825375813943573
-16.66371732147948
-8.877587537911724
-16.698489865308687
10.11150330048739
-3.1772746339981723
-16.36033539866891
25.33583138586695
27.34858777731811
-33.488158090863195
21.689004400482347
-4.382578041286151
-18.082007309389127
-16.252874825346588
33.708210979126434
-5.635658417356707
26.103409634337314
9.723855909294514
-9.196058967096507
23.99378475439067
11.053649403805016
-7.228723815941674
7.500058187522956
-0.418160959643719
27.64721456002277
19.182007566886075
8.723887280732274
4.412260433639451
8.98597075560727
-7.573384764506152
18.44508345684409
-22.036885161972673
9.679302172819002
-11.832171405871613
-0.9442139382797563
9.995870478005845
1.8204378799088903
-13.24447208766753
16.022087019240963
