-0.15528608978141142
-1.1010757373215956
0.8272904560229385
-0.18504339022974098
0.2786257555806176
3.7833446375890487
-0.5898142027288565
-2.1054189034715707
-0.9193105375583513
-0.22022134493996667
-4.874639004920806
0.5632288092070444
1.3413351945908571
-5.9882861589469565
-2.310429990126301
0.7762580048026699
3.095631617751378
7.659692896660812
5.087368417313556
-0.5809610779364565
-6.715424582515221
-0.3448478928384545
-0.5797306143397368
0.41222219151825873
11.157168194825596
4.933692552343421
1.0225579958308055
-3.009455186598726
1.4169624476467164
-3.744569153152705
-2.1613433822185537
-3.3642072489004082
1.8968131215926647
0.7993100042060454
-2.8120678422283776
5.223943160024422
5.641194614595644
-6.772078385863183
4.518134946066188
2.3922669248144244
-3.5978495631177942
-3.430707961328963
6.729403420364198
-1.1593065093327681
4.313763439004258
2.4983233609167463
-0.08194643405736077
4.833311416563149
1.998514795056397
-1.544096998250649
1.0222866941609134
-0.017164184794779803
5.136831109709168
4.2910616494858855
2.4890958472495637
0.9117007561182
2.750037505705018
-2.171397943938472
4.850793902317102
-4.255312409074258
1.7004288597237525
-3.1706618423610085
0.5424754643349753
2.1385187239985313
0.6453714566538228
-2.541225318638065
3.3767375544754916
