-0.685646064846599
-2.030817093116859
1.545343821485875
-0.8734985380170265
-0.2143300732853476
7.013965250094781
-0.6864026989106528
-3.8126956411569286
-1.8862306838259582
-0.4691461194879725
-10.325384356360994
0.4744103361968252
2.5547035203434705
-9.14021914991489
-4.725042989161395
1.784038987841161
5.7101034240755295
15.88225305099972
9.043513126652396
-1.2218511147544766
-12.450661226058456
-0.4872612360970192
-1.2362234944283441
1.0599647407864428
17.854762938133412
10.610621135963948
1.984383147381963
-6.203545463029133
3.283939029040601
-7.477948581742466
-4.0927981526679735
-5.641977356375503
3.8339856111228925
0.968076782465221
-5.52424775511663
9.301018497282223
9.323103449165135
-12.594938522318955
8.43456798453269
2.0808193002876187
-6.269026508530275
-6.272152145307764
11.528410199796518
-1.5296961369038828
9.47640322833581
4.444387325171122
-1.6566107759104318
9.176247797404185
3.8861845588693695
-2.704162822105766
2.0689139352005617
-0.666819728276244
10.53053755410115
8.767847211594457
4.752486156756381
1.4595469477219551
5.595592479169146
-4.640972012162995
9.351185970605911
-8.409712784412404
3.988995399600699
-6.34091896412666
0.6041371593872964
4.433439549247
0.8109138185800279
-6.204976224500237
6.86262363408635
