0.3619341132764987
3.0230927997929853
-1.3398746700419906
-1.6716722278092266
-1.5049544410579794
-6.910876428664916
2.620814115766342
4.455774436772143
1.0143584015718583
0.2064280594552616
6.335114689520842
-0.8705547505406307
-2.118066912940048
16.785221892099756
4.6663568302953555
-5.127033057929091
-11.13612321683652
0.9893363653413645
13.783480271931678
1.631965752996423
0.5876403083039754
-0.716486391508773
-8.290890127321337
-1.4235449432568823
3.864494211601872
-2.371137466895438
4.256744089768747
3.174914030707184
7.394124916441808
-3.142858306992992
-0.06479616056113353
5.751252816996514
-11.018063304374953
-14.165583233751745
13.526819000820248
-8.889444720430758
-7.37254023306625
7.822615066370401
8.384896565649575
-15.273575329221972
3.9846202179593306
-5.676310490762784
-2.891614262896203
-0.07078280258717451
-9.412245707274607
-3.098838040785771
2.910854694760876
-2.578645900067402
-1.263764611872611
-8.886189041299906
-6.991523216055282
-3.0941841530692966
-3.1753342017978174
-2.3285011425050617
1.0818902085152782
-5.087741678562487
7.4990401131631055
-1.2238353303682383
5.381132427231627
-1.5220274420366176
-2.7763861296622987
-2.351455318844255
2.442776536460148
-3.060456309613122
