0.64195835951305
3.4686820752890397
-1.1520067339698656
-1.8428504408877575
-1.2763347574729373
-6.3431673770333115
3.0017027039396487
4.441071689477141
1.0084515643406868
0.38769364197137407
6.2741572742047245
-0.3032535318879148
-2.1129923027067576
17.126362473435858
4.935180591130703
-1.797847305452603
-5.132549968888435
-12.361225625982932
-11.432644619659017
0.990163575112375
14.327996826645876
1.8117517482098313
0.5976268870825204
-1.0222729157660675
-40.529852727792516
-9.072492599161999
-1.4714240228112248
3.9751772411055324
-2.809614761250245
4.160849554441718
3.021537828377845
7.399271083430416
-3.3353586066440695
0.060762753216073696
6.249456450151605
-11.419064117569492
-14.762327024832578
13.903353328795268
-9.241374106363056
-7.615174592711653
8.147383383756804
9.10641976287372
-15.399476204699988
4.047746756921183
-5.799998148641347
-2.382699714629585
0.8669472979861753
-9.911711054421676
-2.8387584412107025
2.6192490554321224
-2.554778575802847
-1.277698078853717
-9.301771551455
-7.557084586795877
-2.9260965136451684
-3.6682389167627063
-2.1224573755336733
0.8894611859737739
-4.103665566186449
8.256684076058832
-1.1522900034843397
5.520129057612313
-1.9044578199008402
-2.2853121956708873
-2.329757293193943
3.120786826512996
-2.456705742281614
