0.7000826803880855
3.365236965067506
-0.6837608936834583
-1.8773566220630022
-1.1850376578619102
-5.8927593703492915
2.945104148214297
4.252211484386738
1.0161263462634096
0.3836791243954215
5.789364224194341
-0.17198361439602167
-1.997685306658389
16.795351095212524
4.8066585322444855
-1.4064695495745425
-4.964168773905258
-11.701241531990533
-11.009095038682142
0.8928664278207397
13.720379712750303
1.8038051451414299
0.41529303156693237
-0.6836257791748206
-41.42512500028968
-8.565526970711739
-1.2583790964892414
3.3952087836926643
-2.624912668205849
3.9895159675097456
2.959252493087612
7.234807934540757
-3.4132097849649132
0.12019112917216022
6.1819173976865525
-10.978757892374162
-14.47665400207706
13.237252855590157
-8.940315067952735
-7.450370540153054
7.985223217249533
8.927487693307722
-14.927879442956941
3.9703205689899215
-5.604938919482077
-2.1959892416306066
0.928039265396157
-10.080576590339625
-3.0339083460075345
2.910171499889277
-2.27494522103241
-1.4095412696483143
-8.886910055372196
-7.171808447452233
-2.651341997418152
-3.698095912238947
-1.6166823514066397
0.25699592485771655
-3.8377202362426943
8.256240566387584
-0.975701722152705
5.188494149858777
-1.8542978453825325
-1.9865207165339713
-2.1501640898840515
2.967822025001347
-1.9740025372504066
