1.23 -2.4913118361749413
-1.248 0.8803311986842246
2.94 0.08612790846341767
1.441 -0.11133701614300406
-7.11 -3.2245189823443035
2.167 1.1593946080833035
4.827 0.4627087283871383
-0.215 -0.6961215539452752
-4.89 -1.7097067276575526
-0.136 1.6388219637005292
1.533 0.7013671230224787
0.848 0.664213582017112
-6.197 -1.602997010179525
0.154 2.646386847042905
-1.021 0.46774394580131684
-2.543 -1.1032464658061372
-0.863 1.0067498518983804
-1.931 -1.747976403611247
1.099 2.350440993339781
1.296 1.226715371720914
1.345 0.4345510020854473
-1.413 -2.1408623024162843
-1.39 -0.9003262497116324
-4.199 1.5952832765379767
-2.026 0.3798698032627872
-2.969 -0.39703924074271946
-5.567 -2.363491221981432
-3.543 -0.6249733851847736
-3.709 -1.4492824890044336
-5.221 -0.6725153236258556
-4.653 -2.227940341363734
-1.407 -0.33452101998730654
-5.6 -1.1650688410896564
-2.7 -1.9513463348174938
-0.69 -0.4867054115234204
-1.187 0.24800575663972602
-3.465 -0.2297654004613232
2.756 1.2345261244831391
-5.231 -1.48650478221602
4.907 2.5836362556517063
-3.485 -0.5708726248774845
1.426 1.1361787804030108
-0.234 -0.43756034478979444
-7.482 -1.9047420299678954
2.136 1.124502976700482
-3.214 -2.3618499323998243
1.035 -1.8723975558847723
0.45 -0.23356368024195184
-5.037 -2.49030438526729
-3.782 0.7180621749966356
-4.007 -2.326083953649251
-2.769 -0.5252805445829427
0.986 -0.8653134787669385
-4.634 0.06594891114575407
2.815 1.1338923689144025
1.914 0.23018707862995713
-1.81 -1.5261038030187297
1.348 0.8740740081332694
1.996 -1.9769757349986028
1.495 1.6443585184517406
2.077 0.8070504362555306
0.776 1.5793536164589401
2.708 -0.8829830664425362
0.134 -2.496182835849594
0.137 0.4526579361931615
2.145 1.5946629242085493
2.322 0.08561689034744546
2.755 1.4644951384821052
1.441 -0.5083785369941971
-0.701 0.3119627018181248
-1.365 -0.7207068624523512
-6.607 -3.440737583249512
-4.931 -0.43990680933399595
-3.082 -2.114752964333608
5.743 0.8612734568635361
0.809 0.868491276029598
-4.344 -0.9376219055818371
0.076 1.193512748265917
-2.471 -0.9029915229092804
0.784 -3.424761690773459
1.732 -0.26147593022127946
2.345 0.3542201062491692
-3.088 0.24134282944107133
-1.793 -1.11011820112705
1.261 0.4131853366349745
1.398 -1.2259586433810274
4.116 1.7048791710443996
1.031 0.7938452610987801
-4.756 -1.6048255142464711
-0.392 0.3756825506713839
2.481 1.8357805795052826
4.434 0.3850970113304717
2.051 -0.15870422705890253
4.325 1.9762723524189632
-1.572 0.9917286414817461
1.49 0.7108615612900255
1.985 -2.6236501472192
2.027 1.6425228376417254
2.307 1.6083960772476944
-2.891 0.25842716930320453
0.99 -2.1717177485452552
-3.026 -0.1920237365050781
0.082 1.83481028148677
0.963 1.7308520052114442
4.545 -0.4521649195171591
4.714 1.4412222869566538
3.22 2.698520539386312
0.72 0.7023580177982502
2.605 -1.2420686418796558
0.385 -1.0154196559137816
1.533 2.3523097961802932
-1.104 -0.46632430462788577
-0.956 -0.8150514531064363
1.864 0.27163327896565903
-0.544 0.6886571199156286
0.592 0.16785275160617985
0.691 1.0811288418127383
1.942 2.722132473336277
4.231 0.71430031631742
3.139 0.1672740548238707
0.14 -0.6035082950326256
-0.647 -0.5501062988488528
1.878 0.7318254020669386
0.278 -1.0018920076592117
1.369 0.4243304471695435
-2.793 -0.4608489928673052
-0.392 -3.3550138127431026
0.324 -0.1459000631609655
2.842 2.429345025480238
1.035 0.5236733444160215
-0.419 0.8197008891199395
2.338 0.2706150426114622
4.193 -0.20752571322932667
3.726 2.1274668087500945
2.346 1.352539250566
3.948 1.0944766266934352
-0.17 -1.0938115741782362
2.834 -3.860166368667306
1.693 -0.0395571265931185
1.331 1.7223635581762924
2.99 1.492290338815728
1.024 3.166813567626342
0.628 3.4807419363643106
0.821 -1.211168084369299
0.639 1.821414284741417
