0.412504560455502
0.45878717212404263
-0.30560808914289295
0.33800360755277076
0.6434491439048184
-3.275284813229095
-0.18457215788265405
1.3941019608972305
0.8871868113752808
0.1850004662531251
4.9202077675983755
0.1528599914926664
-0.9197091070790949
2.7034672966085527
1.7066541923684944
-1.923974517854331
-2.8779443476563245
0.5463937849206474
4.148095105205728
0.04409082132015865
0.22648362769494976
0.05838422271077841
-4.507130658230373
-0.7889809544839678
2.181508632841986
-1.1750459933353619
3.3571680845108824
1.9084022095510107
1.8295185581103763
-1.7787074511395964
-0.4061070956239724
1.9327577899165085
-2.9263122328775855
-2.822006879720516
4.4571318564133575
-3.127550626603086
-0.6360626571019763
2.0166420766419475
2.2447657982153255
-3.840625494051918
0.3186473192055031
-4.273492158392678
-1.7547606322214293
0.41761686209004373
-4.167231419176764
-2.21423246179097
1.7518469971128585
-0.6147151182293126
0.3969087574575201
-4.368740726945351
-3.676906955801262
-2.1644555003906705
-0.19641542691272418
-2.3798141053823176
1.6657402615400145
-4.778036789702596
3.4467411447404204
-1.677155295753326
2.994342542276834
0.03888720834741157
-2.2241131141944552
-0.251397091869258
2.746236215060478
-2.8667852302664496
