0.158 -1.5059528257945838
-0.155 0.18881587087042195
-1.839 -0.38751745886676003
-0.943 -1.2098621226178006
1.468 0.1666243369569358
0.895 0.12460604546597942
2.203 0.6120256626735721
-2.069 -0.2501324293885214
-0.423 -0.10399384468580708
-0.154 -0.2635646320440128
2.787 0.9043048318135742
-0.793 -0.08300199198271763
-1.398 -0.371492607467359
0.284 0.13793449522903956
0.06 0.4748235828672307
-0.637 -0.694654022088335
-0.657 0.9225556727900837
-0.71 0.1099550602065471
-0.028 0.41055999246544816
1.223 0.10914286826104114
-2.128 -0.8784370170842508
2.337 0.2981463375326312
-0.698 -0.41802332670815756
-1.138 -0.5928083210221293
-1.514 -0.14728375664198534
2.013 0.8428641980043112
-0.465 -0.1543028180656918
1.22 0.08404321226090017
-0.143 0.02293216041696977
-3.404 0.36615761651274914
0.979 0.18763949298914184
0.541 -0.175129699724204
-1.257 0.7363946519778333
0.599 0.6445709647330591
-0.536 0.37361847215490784
0.229 0.23734428007203157
0.675 0.5181482364276506
1.041 -0.5895776456768749
-1.776 -0.34596329722245933
1.999 -0.11805887413242688
-1.112 -0.032337240940485845
-1.824 -0.026279709877492285
1.182 0.5278869900559919
0.983 0.2513493119789818
1.8 0.45324358626455796
-2.536 -0.03639569370061646
3.971 -0.6857508489979984
-0.817 -0.6354918978533899
1.45 -0.06408260170189539
-1.411 -0.366351876309289
-1.952 0.5151521998450175
-1.141 -0.8179459215297604
-0.104 0.24738074027850754
-2.832 -1.3212459366520974
-0.58 -0.7494138206711369
1.125 0.1808326625964778
-1.269 0.6084957203135426
-0.212 -1.1929153332494575
-0.986 -0.2376515638299912
-0.647 0.2696157741206173
1.094 1.421760288652612
1.06 -0.14195690271822947
-2.059 0.5283674635382472
2.098 0.03371588568946304
-1.956 -0.14647605370229533
1.173 0.052040904467617555
1.702 0.3507407396039195
1.819 -0.01642000292185042
-1.06 0.34462869606576163
1.949 0.8195636471639087
0.983 -0.446574438864765
2.315 0.9653764964981217
0.533 0.18812787696347932
-1.384 0.28633504285797073
2.028 0.010756760832604684
0.794 0.02175799836743275
1.849 -0.4451113297467124
0.011 0.2049074917071696
-0.211 0.5885627083596949
1.462 0.5673010950216728
-2.37 0.7734739604163376
1.185 -0.5526743513914134
2.375 0.31541892978314046
0.192 -0.48693495452035584
1.511 0.43349799381166054
1.109 0.43899376373709575
-0.149 0.4375927665483603
-4.739 -0.9779108768669111
0.414 0.7245440781907293
-3.596 -1.41857109265773
0.294 0.5985032229763365
-0.095 -0.21753792354604196
-1.441 -0.15124844852862962
0.077 -0.052638601323892864
0.906 0.2641079009404428
2.542 0.4246949115393672
-0.736 -0.025292194888898223
0.137 0.7935321378804341
-0.198 0.42856444961424645
0.891 0.493300087620105
-0.785 0.5230460463998572
