0.50830252327873
0.6243084053295341
-0.30446763381767195
0.2259353539696574
0.6768983114978053
-3.134138589108474
-0.08161621917390766
1.4095640959602824
0.9070845646724557
0.2605223662556158
4.8758463563024135
0.3006687182901685
-0.9260383210739128
2.9885803644302054
1.7928217702097058
-0.3333590015800092
-1.9982557612064162
-7.159612347437611
-3.0586933300163976
0.5519948867138517
4.4048018595167
0.1354982050152129
0.2235794303084016
-0.06462693077026421
-7.543664808412618
-4.707202643182574
-0.8035704526993669
2.1942489464610584
-1.2874716214312292
3.256771498337332
1.8166260827203111
1.8889141083862293
-1.7996038600667907
-0.43888925539264256
2.091851691190109
-3.1562796198441383
-3.161730982796766
4.656367275390415
-3.3013693798998816
-0.9179529854727753
2.1616164248930065
2.5529171205504233
-4.002758567764937
0.3995991669714734
-4.214818067675123
-1.5689381029758644
0.609521352417512
-4.303935684214588
-2.07443452944308
1.6452214555522318
-0.6294951265971135
0.3727537206600844
-4.4998964427471435
-3.8402154067555445
-2.0864012586875558
-0.3721846111129977
-2.2964467584320998
1.5624074617465267
-4.370680203584592
3.567325247090072
-1.6227965951848518
3.0653686949901418
-0.10854383594004352
-2.073795365904552
-0.27021104602918766
2.8949296225431653
-2.6370685571751253
