0.24195867616730166
0.4565352480849073
-0.10213456569553346
-0.05533774764913803
0.19604633021246762
-1.272441121313083
0.17160598085512
0.6645308271970574
0.3576658377451654
0.14170087965498881
1.952497327803178
0.1819650622108065
-0.40558956936917645
1.9440090941136503
0.8564947354230354
-0.19889015857702344
-0.9261485949811389
-3.0368743469993174
-1.6179977696730048
0.2368001004733696
2.242525938408624
0.17966058688498968
0.05483377745243141
-0.07652038051190221
-6.167999645605752
-2.066805215980045
-0.3695302727776778
0.9049095126671296
-0.5676367197347348
1.3289411880271529
0.765210599481382
1.0691055465648944
-0.8345226102823985
-0.26894578330059665
1.0831540287559596
-1.6792028094980875
-1.946993289673768
2.2699128852882264
-1.656108236524298
-0.9740431971417673
1.183146908134139
1.466587790807442
-2.12184986351254
0.35467999009650536
-1.6680779702969195
-0.5849726963669276
0.305567403570772
-2.099182134994399
-0.8106465598143099
0.7096209541263089
-0.284047258036832
-0.016155060235287358
-1.9797852870696686
-1.7314615313084785
-0.860346483328756
-0.4001999267197111
-0.8869394801568791
0.519369697747428
-1.622882184896557
1.7001722461206195
-0.5217564709278978
1.3241022561616023
-0.1900626372421061
-0.7227153386948908
-0.1953740058798072
1.1699044012813864
-0.9122092441688767
